379.012589 125.150956 399.034403 162.639305 5.375048 0.125000 44.671513 
304.073221 83.016856 314.655508 85.813627 5.723138 0.125000 1.492054 
214.463607 119.465528 239.103971 95.348094 4.561350 0.125000 50.904697 
202.655201 209.425110 205.474158 165.535027 5.310197 0.125000 48.183597 
273.029220 81.353412 295.665796 80.129580 3.677050 0.125000 32.807966 
237.094568 93.789005 272.370736 82.124179 5.196496 0.125000 45.537995 
337.207517 92.174754 348.996004 99.153755 5.774089 0.125000 4.216980 
405.054037 208.040034 404.231120 225.676611 3.571141 0.125000 23.654384 
399.255677 163.161633 402.734991 174.494735 3.312392 0.125000 9.204944 
209.884116 148.093030 210.689379 129.431717 3.306014 0.125000 20.042024 
402.906729 175.572198 404.833962 213.229457 3.971237 0.125000 58.379481 
296.571717 80.175375 303.693733 82.874090 3.949613 0.125000 0.756209 
206.081186 164.528432 209.106154 155.534577 3.963509 0.125000 0.808235 
353.890274 102.088920 375.827924 118.292602 6.078531 0.125000 24.888704 
315.654755 84.277153 328.936759 88.316134 6.133502 0.125000 7.167560 
211.021362 129.682435 217.245593 115.791049 4.207439 0.125000 12.642787 
405.192851 225.625410 405.209437 243.126578 5.007105 0.125000 20.459611 
136.681969 364.654732 184.287232 355.183835 3.703754 0.125000 36.613214 
359.768850 347.495227 381.000583 360.773208 4.239260 0.125000 20.591254 
398.814550 271.365521 376.812792 295.568450 3.699769 0.125000 43.737075 
376.745478 304.208727 364.118043 314.045132 4.712638 0.125000 7.549181 
404.219673 243.326099 399.128617 271.039005 4.892162 0.125000 30.376202 
373.979237 120.003685 378.249725 125.875116 4.613437 0.125000 0.703387 
206.506693 217.030811 202.987456 208.711994 4.427705 0.125000 4.099232 
376.231723 296.382003 374.085288 304.625053 6.098601 0.125000 1.604588 
343.093848 462.216257 360.675554 463.821198 2.376015 0.125000 9.604584 
333.204411 473.344513 345.857329 468.767224 2.551366 0.125000 0.703387 
209.036421 232.091987 206.689847 214.912509 7.038343 0.125000 23.046575 
361.792270 465.252960 379.371752 466.909466 2.651696 0.125000 7.525999 
418.099927 471.280288 400.625510 470.611666 1.920966 0.062500 1.410586 
363.765269 321.750415 363.076013 332.039196 4.654613 0.125000 5.915153 
110.836401 372.693323 124.634327 369.128841 3.358497 0.125000 0.821341 
207.505311 387.077594 206.390796 376.792021 3.862835 0.125000 8.716658 
93.102482 377.920876 103.254723 376.800939 3.316205 0.062500 1.349178 
216.086143 157.961133 210.600330 184.369875 3.257727 0.125000 27.211560 
360.764780 335.570064 360.588276 343.153240 4.969559 0.062500 1.417214 
203.188745 314.370304 201.893061 296.781587 6.233110 0.125000 21.593932 
207.549126 334.752905 203.374339 314.582109 9.371107 0.125000 29.146180 
429.356486 457.932312 444.457284 456.481388 1.955856 0.125000 2.883314 
246.307710 214.239667 243.848643 224.547632 3.592002 0.125000 1.639253 
242.909968 224.912981 236.219434 237.784234 2.970462 0.125000 0.962227 
210.361531 188.019959 224.781600 185.216173 5.385239 0.125000 8.584472 
416.296087 435.822224 411.502573 452.132908 6.348861 0.125000 6.134213 
360.761394 411.882401 361.081719 351.877438 3.936785 0.125000 48.923297 
202.564372 296.897872 201.964033 249.373875 3.939171 0.125000 39.445906 
223.879180 144.114562 216.841024 157.513738 2.962297 0.125000 0.575154 
284.406526 183.675805 306.917123 184.690781 5.783178 0.125000 25.082557 
513.302042 450.977198 530.384279 454.345727 4.421859 0.125000 11.595037 
203.253161 248.130055 203.796629 234.352186 3.747086 0.125000 5.217734 
359.808536 234.583562 352.301785 205.196673 5.878083 0.125000 61.931483 
323.519698 186.474823 337.850362 200.897879 4.405194 0.125000 9.417070 
206.635308 298.193883 214.507512 325.586919 3.438502 0.125000 17.994352 
304.283913 183.782596 323.360478 186.424977 5.676375 0.125000 21.389900 
248.053796 418.072435 248.668201 431.850778 2.608888 0.125000 0.808235 
308.953107 214.360089 296.612132 210.144545 3.952739 0.125000 2.391850 
270.305247 229.903546 263.584643 221.237962 6.470885 0.125000 6.012883 
263.190393 307.773199 220.659216 306.036874 3.313735 0.125000 26.647749 
371.036898 258.054613 370.393921 265.710573 2.486845 0.062500 0.258002 
358.083096 255.622776 359.204036 234.498589 4.009680 0.125000 18.703018 
225.131382 185.899566 238.276924 190.155773 6.750278 0.125000 6.628676 
514.609370 478.135518 515.283697 463.109683 2.553527 0.125000 6.942493 
228.031280 197.061308 206.835687 198.928806 3.625819 0.125000 4.331186 
285.805701 240.402870 274.000188 230.799161 6.606846 0.125000 11.500092 
366.470623 430.251220 358.978093 413.300439 4.838336 0.125000 14.821336 
396.337625 246.967603 394.400038 261.878254 3.606708 0.125000 3.182866 
363.121701 311.873833 371.029012 289.517899 2.629722 0.125000 7.995929 
208.795282 212.504976 216.538511 205.265116 4.675311 0.125000 2.164312 
287.040336 310.722633 271.815705 308.538279 3.539815 0.125000 3.977399 
356.917526 263.147275 362.618049 252.264207 4.534583 0.125000 2.636674 
294.376355 224.507004 309.400425 224.352840 2.486977 0.125000 1.548880 
343.046265 181.892868 341.305108 174.220654 3.103720 0.125000 1.077134 
229.871523 285.955301 233.880620 277.221869 4.972543 0.125000 4.398520 
351.961705 205.880088 345.196099 188.289966 8.795004 0.125000 32.246807 
238.717448 288.928115 228.093918 293.044788 2.436069 0.062500 0.953405 
264.622981 187.326263 287.011699 184.062818 3.735946 0.125000 17.282123 
258.143635 293.084350 276.952132 301.706749 3.125461 0.125000 6.017255 
269.469819 292.599608 252.084869 289.462112 2.580366 0.125000 9.604584 
251.768482 255.899207 258.214572 255.195549 2.877408 0.062500 1.432296 
337.010702 201.815079 341.059764 210.984976 3.296805 0.125000 0.670918 
233.686742 205.775193 240.647683 209.330590 3.259218 0.125000 0.174044 
324.353560 238.433536 295.568833 236.433260 2.787777 0.125000 11.211652 
343.452237 177.049872 342.738547 163.080881 8.000475 0.125000 21.480487 
342.496904 339.856805 335.311235 349.131918 4.495541 0.125000 0.594720 
221.474868 332.541032 231.318267 346.866456 5.536727 0.125000 8.401711 
278.237810 287.758325 288.075760 290.785047 5.146511 0.062500 1.395533 
290.793712 202.293255 314.579270 207.117956 2.432698 0.125000 5.576177 
315.211510 207.592502 329.318846 215.722440 4.791000 0.125000 2.005624 
235.634128 319.313924 254.339931 322.109644 2.344886 0.125000 0.348603 
260.625365 150.619546 245.692091 149.621329 1.830810 0.062500 0.953405 
